1229329955961991168
1280351169943719936
1228375342417117184
1273245964034920448
1282214054055661568
1280438150182752256
1280435521134284800
1282251707975225344
1280438517100466176
1228389672088961024
1247831810000310272
1247831772331266048
1228389679143780352
1228379722251960320
1228342476257820672
1228377102191886336
1228391147301175296
1228377094302400512
1228394428651995136
1228391144256110592
1228391143576633344
1228391146588143616
1243087609228447744
1228379726353989632
1228347566045724672
1228377105824153600
1229320226723131392
1228377098882580480
1228347830760833024
1228347952399843328
1228379733924708352
1228342029719633920
1228338893479149568
1228341572674715648
1228345645255819264
1228345964161335296
1228345317508710400
1228343071731548160
1228345049274580992
1228345457606852608
1228342672995844096
1247802190739820544
1228342918631063552
1228343198605049856
1232878051938820096
1228342265108168704
1228346262485401600
1228346371159818240
1228346066741428224
1228352147278462976
1228515434133651456
1228375337623027712
1247777896127287296
1228346520552538112
1228379725619986432
1247773228705796096
1228395299787964416
1228377108412039168
1228355877247844352
1228388358030295040
1228355267702226944
1228395817469935616
1228388354532245504
1228384641059061760
1229329821639405568
1228392423573356544
1228384645089787904
1228388353852768256
1228384653709082624
1229329597080563712
1229329290359500800
1228384652975079424
1228392436110131200
1229329703854960640
1228395829759246336
1228388361113108480
1250694728140214272
1250693246816899072
1250689568286461952
1250814860652990464
1250789831991119872
1250707848682295296
1250706827448963072
1250790369663143936
1228384634457227264
1250705311874961408
1250789457246834688
1250705915280117760
1250821846257913856
1251136353068929024
1251142448231501824
1250822758699388928
1247894601541373952
1258695350823178240
1247894595698708480
1247894523929972736
1247890155730128896
1251143564562288640
1280096933355986944
1247890165725155328
1280137300281401344
1280145487898365952
1280328702340648960
1280154172037013504
1280426189663522816
1279640975647449088
1280329338545262592
1250759090112581632
1247894606129942528
1251161885642870784
1251162330394284032
1228353263185625088
1251167273289273344
1251165871917780992
1251166214269456384
1251166486471397376
1228351017324576768
1251168811621568512
1251168472709222400
1228377101344636928
1257259450364862464
1228351302927319040
1273514743277047808
1252947377464025088
1228370360997445632
1258685181275951104
1228351544519229440
1258684271275560960
1258687403099443200
1258687755832020992
1258683590997200896
1258688176856256512
1258688801945964544
1258688396906221568
1251143257677647872
1258720500562022400
1258751700622135296
1258751944705462272
1258752899165474816
1247831780447244288
1258752200704806912
1258762984205864960
1257269024295755776
1228353419872239616
1257281753723183104
1228395298898771968
1260790845196488704
1257320439294730240
1257321343439872000
1228389669320720384
1228384648550088704
1267361277538226176
1230490643226820608
1230491311467528192
1267374879909367808
1250691872242814976
1267377117444722688
1267367064016801792
1267373290654027776
1267378143144988672
1267310056756498432
1267364447937122304
1267380936912162816
1267371217971597312
1267385700399992832
1267383690158166016
1267386935148564480
1267384345543331840
1272523183592853504
1267387830477279232
1273214722581221376
1269577401315119104
1273250942791208960
1272524481339871232
1257242196994695168
1272763470428786688
1228384638374707200
1267391304602505216
1272825465576378368
1273238625269600256
1268103777324388352
1273234708028739584
1228346690728034304
1269586462001614848
1240628887751241728
1276207227539050496
1276206086633836544
1276204081156739072
1276204787649499136
1276203266484490240
1276202382887243776
1276201578327461888
1276200401921658880
1276191550879059968
1276190414428196864
1276193177589534720
1228339655336722432
1228375343159508992
1280400500642041856
1228324808670773248
1228382031568633856
1228394429226614784
1230492135509852160
1276198244069691392
1276194895672922112
1276194244716941312
1276199287193096192
1276196902009851904
1276189474220429312
1276188185646354432
1228340397564952576
1228350694098927616
1215265750129864704
1228377093509677056
1228353638827491328
1248197688944513024
1228353570636496896
1228352671574851584
1228384640350224384
1228352623147417600
1228352856497520640
1228352165922144256
1228392420683481088
1228512382358061056
1229330062639919104
1252199957427920896
1228357162961403904
1215529742530781184
1260140009999060992
1228389674047700992
1229329498845769728
1228395815691550720
1258719459242168320
1228375334691209216
1228377111067033600
1250691063211905024
1228370751763972096
1228515272267071488
1228370698563420160